0.000000000000000000e+00 0.000000000000000000e+00 0.000000000000000000e+00
1.290322580645161289e-02 1.379310344827586188e-02 1.428571428571428527e-02
7.518796992481202590e-03 7.633587786259541687e-03 7.874015748031495954e-03
1.574803149606299191e-02 1.709401709401709574e-02 1.785714285714285615e-02
2.013422818791946178e-02 2.272727272727272790e-02 2.380952380952380820e-02
6.493506493506493935e-03 6.944444444444444059e-03 7.194244604316547137e-03
1.612903225806451568e-02 1.639344262295082053e-02 1.694915254237288130e-02
6.993006993006993001e-03 7.633587786259541687e-03 8.064516129032257841e-03
6.896551724137930939e-03 7.407407407407407690e-03 1.587301587301587213e-02
0.000000000000000000e+00 6.993006993006993001e-03 7.142857142857142634e-03
