0.000000000000000000e+00 0.000000000000000000e+00 0.000000000000000000e+00
8.196721311475410263e-03 9.433962264150943036e-03 9.803921568627450844e-03
0.000000000000000000e+00 0.000000000000000000e+00 0.000000000000000000e+00
0.000000000000000000e+00 0.000000000000000000e+00 0.000000000000000000e+00
0.000000000000000000e+00 0.000000000000000000e+00 1.098901098901098987e-02
8.620689655172413673e-03 9.259259259259258745e-03 9.259259259259258745e-03
8.264462809917355601e-03 9.523809523809524669e-03 9.523809523809524669e-03
8.000000000000000167e-03 9.900990099009901110e-03 9.900990099009901110e-03
1.075268817204301161e-02 1.176470588235294101e-02 1.204819277108433798e-02
8.064516129032257841e-03 9.174311926605505096e-03 9.433962264150943036e-03
