3.173913043478260865e-01 3.434782608695652328e-01 3.695652173913043237e-01
3.347826086956521840e-01 3.782608695652173725e-01 4.000000000000000222e-01
4.260869565217391131e-01 4.347826086956521618e-01 4.521739130434782594e-01
4.565217391304347561e-01 5.000000000000000000e-01 5.217391304347825942e-01
3.652173913043478271e-01 4.391304347826087140e-01 4.652173913043478048e-01
3.347826086956521840e-01 3.782608695652173725e-01 4.000000000000000222e-01
4.695652173913043570e-01 4.782608695652174058e-01 4.956521739130435034e-01
3.826086956521739246e-01 4.347826086956521618e-01 4.652173913043478048e-01
3.739130434782608758e-01 4.173913043478260643e-01 4.608695652173913082e-01
3.521739130434782816e-01 3.826086956521739246e-01 3.956521739130434701e-01
