1.076923076923076983e-01 1.147540983606557402e-01 1.311475409836065642e-01
1.037037037037037007e-01 1.393442622950819554e-01 1.721311475409836034e-01
6.716417910447761153e-02 9.836065573770491621e-02 1.229508196721311453e-01
9.701492537313433084e-02 1.557377049180327933e-01 1.639344262295081844e-01
2.240000000000000047e-01 2.377049180327868716e-01 2.622950819672131284e-01
1.085271317829457349e-01 1.229508196721311453e-01 1.229508196721311453e-01
1.044776119402985037e-01 1.475409836065573743e-01 1.475409836065573743e-01
1.328671328671328644e-01 1.803278688524590223e-01 1.803278688524590223e-01
2.755905511811023723e-01 3.114754098360655865e-01 3.278688524590163689e-01
6.818181818181817677e-02 1.147540983606557402e-01 1.393442622950819554e-01
