1.759680881805304908e+00 1.870622450477352094e+00 1.930438007105091724e+00
2.004171394439840714e+00 2.116234599606114486e+00 2.166999127943197045e+00
2.721571883960554494e+00 2.661937681784738441e+00 2.657227085735740069e+00
2.681305823506552777e+00 2.800970322217774644e+00 2.769418482630427558e+00
2.139424090743471840e+00 2.355036920017959279e+00 2.368828273662226813e+00
1.914109703340384439e+00 1.961867697115918796e+00 2.030381705003529991e+00
2.969511436552007666e+00 2.911991842880517378e+00 2.881080032430895610e+00
2.204957753286981070e+00 2.347378504641938424e+00 2.369238722203897751e+00
2.028622736458644216e+00 2.036685001203370593e+00 2.186919338405747926e+00
2.365930353517032625e+00 2.507754792915687592e+00 2.462015413795350494e+00
